$ANSIBLE_VAULT;1.1;AES256
63343865643463663561333931343535386463623036633861656138376664623366656365323266
3366343334353839393961333539396337323133373235620a313964626232653361366234346165
33663038653663376635383532663464623666346630653639636565383139623131363336346135
6665643637666132320a646638626462653263623664343966613666303462313330353837613830
38373565343466353936666234623035383262303966663963373363343963333266316336626639
63623865643939653864323366343237653633376465323261633737613332653565356431366164
30646364393031313039636130306165656164646232613632366431623030366666623564313538
35393162623234306635633863356464616463396135393830333731663531343164633734396663
33363561303035373838653035623930636566343062656336343362306664346134356136356332
64383931333833396435626230313065626330653239653134316561323462393962643633633231
35343136666333343832376363313866373237653531343630653137363637666336323839616539
38313332333431373665363737636662666162306261666561383335346135333131313464396638
63383832333461643338383933633163343830643439343531346139643961363438613934353630
33383534353039316633343238393038643530613239353638326635303266616632326566626165
33656663616139626337383436393336626330396536646561656436363666623339373066303434
36363535313738653835333762376262386661613337613231363966343163386632366633323639
31633739343162616262333030343032313630366166613835663866363038326165396437323932
30396362633536346630376436303238663530373265366165386132343132613931333662363436
39356363356562626538613430613539356438396365306138623835383762656431633132393161
31386431303834643335333737333639313337306364363536333330366462303938653664643332
66613238336434346432613033613165393231336265656538366365643433386661396530323630
32303463623833346663393435653730613964633638656638646466663561613737613839613032
35613662356136306364396661366339653164396239613665613664643031633666373863393737
66316161626433623230656562333339616533356235356366383034326165643435376563633032
38626362313531313338346466373933306663616563373936663261313036356137343832326133
63303665326433346330303064633133306231363631336235663961666564313733343631363861
33356163653336653534303531336336376361376434316339616565336636396364363033656263
36346134323031646465343862393735316339323964326133396637346337373638616266623164
36316533626333343636356136313063323165373661363366303865626536386435653065306364
61643538333030363832343134363965623962323962326364346263663337613233313230376130
66663735663261393631633830303936643765366134353761386266633537353366313439366461
37303839303336373134306533656430353735393462643164393038316164313862336163343163
64333339666137663037656462663364376230336164343435663166613430383133626637663761
66623431626331636137306462646130303939383865666664613930656335653331663139633933
33306234393332653430376665383665373666613564316566383834386365653461363134663532
38656263306433373565316239386336353634316463346439616533623835643533626164316661
36316431316362633361333639363965316362376666326535326433613332316563316233323332
30613964376232323966363730323332353238326236643730656139636236636462646337613636
39636639396631333466656464343339613132353837323363383865633734653833316638366630
33373738333930386238363931356335616632393831666635623138326432303166343162393735
36666462623031303732383732373439333333333630646134653834643462376439393935303632
38653937656631623864653164393366633434393937346234396239353263336365353934376635
63613130653734656331333564633866666465386534613935326235383531356538353137623263
65313439663138313063636638376161373432396431643432326633643562393233656439303362
38353737663131643638396462303633323231643462356661313464356465363465643830363533
63626666396266666139333965336663633265303734343563646435396638326663623637313931
36653834616566623739336164346239663630306666383535373536636231623436393166333339
33623033616139306365396436616332623037383634643864626634613636643363346663396366
61353961663661623333396339393439383932336436303663333339633935393131333562623163
62353636396233623638663231393165626630313134326631326362613738623539613235313432
37343530376434626632663537376265333839353363623937323466316662303239666261336533
63366264666334386337323963633137386463363132623331363139646536386462633330316463
34326234656431353164313165316165376130626664663865326435326139323265393465336334
39363138656132643830663333643066393037313762373833383136383231666639346465653539
34363233613532663438613736316636643562653337333437386666626331623633333965626136
36366530646233646530666538363131386237376533633064613636333734656336333764303561
65663163656666663138323030366130613934373031643635383065316231646138613331633464
38623864343432643437636532666539333035663661346463336639383636356233373766303338
32306537636361303435663833353832376639373030613337333031396333313862616635366138
38333764343437643835386230316231383633633037643064643238376333356236343832336136
63376236383438613664626538646337643561356338393139623438336632663830636261353836
63333332613838323334656139613764663336333438316134656336666163313335346138323366
34326239396636373333643665366637666530646137353463623433343137633939623164306361
39326136346236616633313362323738643038373432643637653530626461633634363665626665
63663862633531653761303434316333383739303166633838636436636631666662363039653766
37313835313561303264373237393234396263393039343437653630373334383362316135386431
63323265376637346265316532383963303030376538396563656636383333646361303465343531
34383032363461376266303233653666346633333430626563643364636262313766356566383861
31636263633961363362353263323865326235383738326432386431363264633332663465343635
61623932326338623366663961613334363236326632373764636362643933393463643437376237
63663265346565636232373733343461326239613465313932396365626637373934666161306637
65373039633530393832313138623036346631623665383931656430613634666261373035373231
66616132336366643234383563643364383830663134653534666535326534633530616131303035
37376563643861333436393864633234376531636139623236383136376565383833376434663931
64376665333761623763356631373433366532653239323462623039626130393038303833666530
65396335306663373136386165313865393732353535353534626232313465323936663438663132
37343863393231316435613263333339663439333837316639313863613634626137393063306135
62356164323033613632626166303730636366376563363833353063636164643936363531666535
35323733323631393834633736346231666538353837323535353930626538633934616666623632
66646131396434326335336239656537303938623538656135623962306663343535363833376266
61383466346632333866386631353663306538386536326564386363306539333363343232333138
34333031383163396330353065613462636163393661653338636165626537333261306134646565
34393562326666653734363835633839363465303266396461383534333430333638666334323665
37356439666437313336326265303464383236656334323236626466643931663932666639333130
31353530343265393961373132636464373032616335396463623237376565333764663932373332
35373937633038323637323266623332343334333164303363306265663436623138353630323134
36663564313761393263396332303239623063366261656630303932616464646664373665386162
66333031663865633437643763323265383164653465663436663662373962643065326433663938
62646335343461333161313063386132303230343132633639323065303466626566343534303266
30626532353938356563376266343433636537396565376462373232366139376432333239663130
36653437643265333630346235376131376464316366616262643762356362313166643831636166
38363539386237643638373934343830386636613334376264343562343635383964383930336331
62626131393036353364343866343161623965343834646337656165666231646261336561386465
66613930656530353237613766316663666561653533363132636564613965643266643332383835
36323939313233653764323435316630613466633231663536366563636636363130363730323966
37353862386362336437356162336661633865393964383461663961623233303931666634336461
64363238356134386261343334333538333833393237616364393439303333303839306362653032
36393230363631366638386261383931336338643132313166323666663766323634613337646333
31653432656333316162373838303130366432313234666234333938373539663766373533646466
32383836343830653132313164623033643530333966363130373333363965383436623434393037
66366235613364616165643561623864343230633231643361636331363339633362386434373861
66356238313737336233613930386466326139643164656236313937373037333562323164383635
33616132643162633635383736363364626431353363323166343565616632323466323234353663
33336265393739353838613963303034626234666166313432333163353733373238616265396632
37343963633765313266396664383234313434313262656437306463356566383066316462343037
65643930373963666532316330626462623065313165323137376363313334326431646136306562
61616439343166373831353236383835323665326339393738323134343335383338393164316336
38376166333064396438353339363336343763326537393566656330636431636632373139303763
39363165313138643362363437316138366361396132636338383639333666653232383466376664
37366231636263656534356232663764393536373761333333313366343263363366393438356464
37663263363537323539366462306566616464613162353330656531303964633462306166376633
61633736333238343861363863666166373934666361306335333165343132343032386438313538
31393261636431613930623661396531666337316638646563626266323635616135346138366563
33346530326261323134326564363561333231393932366163626637333531336561663030643739
63313336303630393736396666666536303231646139313461336264653538373431666564306537
34613130383733356436373162376435613938616264393734653563383136373130326138313132
35383936303538666439343131623730616432323533666238663635336336346137373038346465
36346666613332616538393365303661646566346433616635663539353136366635336232333361
38626533633466326539656461636436353739313837626235653234303431373139646439666333
37623737333133373137646132646337336233623861616337386232623366336261396237613731
64616336383764626565373862316463306232363332303233303364353065313863383132373631
32643334363161303137386230616162623938666563356539333139663461386235386362316336
38666439653161636365303632383135336337633233356331343433623539623530313665353436
38313666363432373032656364623130653933383864313535643437613230386334363434656539
30383639323335643432623163656337613337626439343838313530663830636332323430303837
38333764306165343863393738383236353836653335373161646231643765623266326230393063
65303231333735343931663439346265376566663335323539393966333838343939393035663333
32636635623466666331376661373039646161303633313032623361343638313935383763643330
30323635633965343331396334346362346565373631376332613334633835626437363430616438
38653536633538653037616365316638393665643861356161663931323465643262663132373734
39316266353537373563623133303235626531373130363735393332323935363962613764366534
64613933636130303366373163376338373664633961363764366366376539623132353163643862
36366630656332303637323931633935333537343834393561363265353236323033623066623335
39633139383332303330333031656135366133313366616236376533663931353235303930656238
34616136616361653930353130393534663536393535396635343730646530323436343930636331
66656265356636616134363532653463396562316662613765653336306537316264633265623130
63373531626564303762353336653362656561323431356239303465303833373961643136373532
38323338323036303236396262313665363663643536386533323632346139353766353364383039
36333939613832633164323761666562613930626635353365366533353936663834303931623462
32323337373833323765383338353766663562303765626633343939313230306636636564643562
65356132303936626539613361303465343434653933623864383938393538616364633037626637
32333431646132353631626261313862356366383239323566306430656239396562643837613534
31613838333266306165643765373736376230353638623661633838613337313336393633623164
63613562306464333766626133653030373535653662316539306266326164353232333239386139
64626431626233306434373339633566616463386539653238313335396630383833653834626531
30306538333362383433373430326439313166613265653130383438356266363637376164343362
39666237316131366432326466383366616139376565656637316136383834636661626537326463
66316562396238656237393835363233376266646364343539323862613963383364306536343636
34316235643463666130626365616365346339623933663938303830353039383334653638623032
65376337663666356332376533353234303039653030383239333439613164343762323236623934
62646466656131383538633161353831656663316139663662616464316566386365303932353137
66356438633562383334633436303965356361623331376234333238653264653035303237656266
61363839356637386166663639666236393162313835643937363030336465653236353431643364
65363833663238626233663164326362313566373565373162323063626530316536626566313266
61623037313166666134616465643838656630633264363336383562303630313366386432346262
31326436663936616235613330346535616536356339653231343162376266386134373237326537
62363863613932613264326666623735623362376565633830663334633636643362313462373637
61353934386338396135343639666330323061323932653065643135616231383964643737653231
65326136636264303130323964353365636335386339613433313061623539346134626436303665
30383162653738393233613232313036396431373266343335623462356333336531313335323762
35316531643639353362633464383361353935616566646230633966643238373965633639306336
65373033633834343866373835623263336363643538383438623632343165373933373963333734
32663630363663663765623936653639636337346632366331643636346665323530313638616331
36353130626239343730333865363965373931336331376266613766333461306331366465396236
66363965383030313735386566306238663762363430326461383238646136646537303563616133
65653365663832376462653136306366396162333531633562656233363636353433643639633464
30636339653166393431353763636637636461643935633661633464366663356434353766363738
66326362646631616439393330656639366365333833663864376562376430383136666564336236
62663535363737396263396635646630643336383735396131356139323561653463643731383939
6336313734393262663165373361633266376332303861626537
