$ANSIBLE_VAULT;1.1;AES256
63653161633761613037393734643732623765323130623662313661643137633536643761383862
6139646330613363393039633036313139396665336638340a623165363835646137393733306133
37323664393461623735316565383261373034303834656562356531346133636361393231346537
6234613565366138370a653265373763613034663866313833313465303536343038663361616536
66336332316661366330333666393966633738656531653634316238333036366366303535636532
36646130303761343332303635373534323262306334613564663032623066363161333836613537
30363334626161383461306462333263303732386663626661633833323031656265623066386234
33663231656237646530376339373930326535306237316162333431323061316433663965333634
39346633366533663864316334616163363865353261653731616534336366656161303435323662
36633738653561363063316230643836653336346630376531396437393438366266356436653461
64653264663434623434623935616263383437346337663538363330663235623362396438663131
64333039646361316539633830633438333932383764343537643439316366626530346336656231
33383261393864303562363166326234303133643131393838326463623462633234396630323630
39383663666530353037653835383532663438333633633765313263656531643539613437306333
66646263653961396435346439643831306232613034633539306162383731306331333035613165
33393561633962333532323734633738363333383830303831353032626532313036613230623339
34393332663036363562363863353533346230303233623132386263303433383963343837643138
35353163663166623538373561633865346366386136633938356263386133623764663834313435
63646532313835313665623137366438316563356632363831383666306434333530616431323062
64653031633932363333303531663630386339376232333337386565663738313833306165366331
37626565646436633136346438336235656535623333313332306663356236623564656365383565
65343037623661333761353861323137666539666662313637323233376461303335336665336533
36626663666231303666356236346564653232666539653062666461623835333334643130656432
32323933366238366438383964666537323861346631646565366563383666313066636634383761
34386464323134333365636132653463653162653033343133376332323935336330376336303031
30343838373932623864656263613863643266303663393136356366373162393162613835363036
30636265353734313039373533376238636539616565383638303735396637616262366238666232
37613637346263383531303562663934326561613832316632316230316661396630363635313161
31643165386331366231393933333832646561313139343231353939316231666664326234346134
30653739633861306131373636626231393564306534623736323564366130636565386630623666
64646637643937313561643662366163393266306163343732383565313466366535363734343534
38343465386536326630303438383364396665306236363433343862656133336532386230663934
34316332633234373635326435366538356435333036303732343434663535363538323165343536
38393163633562373430306363653261306461363135653563613561633265323062313030633930
31343838363562663264653565383961343239383861666131313632373833366536343035396234
38336630313633353435323862623737653734393539626137386539623866613533653831623333
37613065653163643435653064343730376563363461393264636537336136386466323363303563
66356331366533633435373966333137333130663864633130343761326339303536333739656431
66313830663737316334316438383965656235316530616631323834303332386366666634393433
33313263333430356430376266666466343431346165636333373633346164636432613131393737
61313338353863346537353466303865396138313830353037333035383535323662343661323330
63636331656330633261396437643737646537616530626161636561303636636262343266336663
61363232616233623763373132363533336639633461623062643831323733396235383464336536
61653365323038363962316638333435386135613938653833666237333162363738363637366137
65343833643062386633363431313464636162393138376162383439616132333634386234663664
37653233303237383766323533393632623731613966336235333736353864343736323131616132
35313961663331363033626438376366656236643431353239653762306333643666653738616639
64363232653537616662636334626335376237653136393561663166653137336562376266633436
38376261613535333030626331373762613630396466623439393261666539353765613932383337
30333938326238643536353836346330306431313735303861646238323534616165633930346534
31613463386164353539656434623661623338303738663337316430633564636630646536663032
62356533343431616131346535653766383731313363666632373636656163313134313531383735
65393031313966643861346438346431626161376635353463376666643331633930383061626437
36656532613761363938346539303465393135343637353039323838366430386564373966663536
63633931356134353635643534363334363138383461333962313036666263316531656236303132
36366432656264653365306533316666653635333965663830353564373862323334613566643235
34623466343333373232643231333133663134373331633166633265373662343065626635353461
64663930306366656661653532336133316666373836626133326562663930396261383537323962
66353632376161666138663862383634376130396262313765343964656636386432343163346233
35386265633763623137366264626136303662303964656564383838643037363238373039313064
64373662653835653532313338633438336232326162646630316131653039643136373232613364
64653934366236323163653262356261386165363361333966396163393036363661323038366361
31373430343230326130303738633363306230356261383030356134626136646236653364376161
35353865303830346432623630336531313730356365326237623863666662633863383435633535
62326437626430623935346130373639656361656265663836666566343038343865366533366433
31336138303838383264303635323431376364666165616162343135336338623665373036626537
37393836636265653765383562626463353033383739353166306634393961353737313631386564
37636633353033663733653932636362646436656332663339313865656464616437376532376639
34393532633337343830623039366439343335353837616663633130396631643265643234633862
64326161356365366462386132386232306162333337646432323563373066333366613836393635
37643162643638643535353634626562656533373062383064336336373132323938363163356164
38343635663237363761373862343335323466306564326563626463306362343861633739353463
33383636393331653539346539336334396538376435653036306162333637336433613962653038
62323665643065306538643235636263363038306633376232336437356535643664353134616364
61666630666133303433623531313234343664666633316138653439653634346264303663373835
33333234613764663334316334656437323030353532363035373064623239346435353162653234
66396239336237663565373231613661366339373062383836336237363632356138346237646536
38346661373361623536393236653864356663653539333938323666303333623737613664646136
30626333633262313361613166663638653366616437336466393833386466333330363038656234
39343038343333653966626635373264333035306235666239633664393538393436346564303739
37363436326331376636316133323364323961303866626165626431373537323662326334653432
63353564343533356236396537316161633231373833646464336361346463353161616365623633
65393763326261313766636365303131613535633965616362623239366563383937373637666438
64623966323039373830323435633533343135663861656438643434653035303734393266356239
61613134666265626338366339303362346334393934646638623961333162343665353330353861
31356364373531643830326365613336616134363265626361386365383836326335316335626461
64323262633636306366346239383363313738363630326338643161343065323066366230313764
62323237306535653737376564643138656132323438643134393065383935623433663434663939
33376339373664316465336532613461326132656134326464306235626435363337343764336561
39653237333066373662646464343865386263646431623036636462393664666134343966636132
38376638623738636564333434393031313336633231656637643936643431323931343162316433
37343863656466663536346234313937333665376566376465393736383334636639613034636364
64346430653437396330653161323037636637623838323761336134383932623739356361316236
61333536626638376232396464663130313332363838303464343030306462366661353935623834
61643632373366353763366439396536346466303266323462333830336530333739613961396661
32366435346635363338393539393261613832636565326465636630643837636331663633333231
36363030353439336534353337353937306533393965316666613338353232353539383766633238
35363632643664643966626234393930613634653731633533383135393935613531356133363563
30373365306139663666646530323032666361393764626237633539666430613962313932333934
37343666333438613730643435363566306265643631326634346432636163383832653333316332
33313434316434616131616166616338623338653130323231373139623431626638323438613966
64313730623037313566333261633731386261653365353733656536326632376532666133376432
64653461633530323766333265326535313364303963326262326164323966306363346231386632
38393661623336346533373434333831616234383030653766353465623236633162653431343438
32346166336662346434633431326465613535636437623361346535636564303534663662643939
33636630303230356333366234366139333961393134393535366666373839386163653565633461
62653434313034393635626261626565663862313136336261616133373938333437643366386165
66373533366161363333313738356530353263393436653765323437643838366631623638333432
32616135333464663564643730666431666662643831653262303036616265333339613631616632
62643362616462386230356234633764636664663065343235346634366564613665333163343961
32626431663664386635303066366135323363663133623065323165303466656531356536396461
37353535643231393364396339363764383630383936666138383362393332363362626162346437
62656233353138393732366233636234353635353366393538386338356235363463636435643461
65613437666235346262343362663632633530616464326231326137343734663432663233343565
30306137633437313366366662343336663737373563623836633031363531346466316361666532
33303763343237313839613366613336633831396262663739366162653831343365363630323565
38393138366262373036613030343336373338643432633538613164323639303434333966643066
31393461626362303630633337356135373834373534623132376638643535303839313133663730
61346464326430613465303533383662386536333537383466613462393539313134653031373165
31373964306163376636653635306433316131373938326435303462346432313235333061663634
33626539326433316330623164393032343935323530306638313938336539333330663333636539
39616638343032653965323632386337393433646636313534313035336437366666633935343936
34333165653565626332386662633430613330306139373032653532346530326433646331663364
66363033336462343837653235613862333066323337636432623062343230666461316565636564
64626565353634643132653861313734653864636433333239346338386631666135656430316231
34373566323139633734386162383131653031656132666338613361643933333762653465393132
38306433313939386166643561646161343961616537616633616166633934386463653637643737
38316438363264663134323964313533336363653436333563663836616232313132653662613332
63363235333734363637633536343861393764643165396431343130663239653863373537356234
36346532393935333337373337393362316539313765663961393466306665353562633232356531
39656236353734363661626232636232356663663939636461353133626430666439636239363336
66633166356166646232633730303134373836633464636462643464393433366635653539626430
65393137376538303437623162353635376235643865663862363837383563323165363062376638
32643837363631626135666636353435616137306238633766336339363833653865623963333765
30373466643032306366303034303161653030343962333066626661356162336661306431303731
36646366316162656135396661313930303262613961356664303138666631343563326265383238
39366165616333336130383530386566653132323263653466643966373833326165366337653039
64643765643965353139316133656136383838323661613534623739333562396635613136316230
30643138393764343638373337383733366437376537393065303836353933663436666635356632
37393863666336353235653564653637616539633430303861393830653833653963646565383333
37356431323665396337636563623163316464613433623434343637653636653636303133656530
37386336316135393361643666323966316531623539363930633465373365303930653362663338
64303261366539653036636434643264653232633336366137326333626165626462383138373166
37633662333865636362393335313163383732646534343531646534333939343738376434616635
61623564303761356330353937643466373337303338353139343365366132623739623333346463
61616461383966373161343636663537386537643964376130643936363036653636373566353032
33313565643136316339613333663962383030383861663438343333306165316362656639326431
65303233313262643264646639633163616634653065633331366638333264326664633936363239
30373030663162333038343632613537336436353261343434303635333736643765353763393733
62633933396634663931383033323365326666393566326134376530313161393932663037393939
63313665343565613462346434633132623834383761363561626564373832383764653439346132
36336534353536376232376363386535393166363532376463663639356433396437393537343732
61313166643433633631653936316266616635343332613533366262633461356465366263333337
37303935396662333731613334313031646236616461623639666130363130643133363338353635
65653131663037623938323765343334313664333233333463393130396562316431343536643638
34383035343130643964663666306164373330663866353330313562303566653561666338626562
61393735333737636664383030323862613063633962306633613864313265353735303635373133
32343139363331333838333761353862326465313765353732393961626164646261333139646438
65343165386162633663653561643937653332656136326661333262636434616332646432326161
61303761623637303637363533346362623465656437386265656436323762353261316561303735
37373331646235343937363665306339303638666134363134316365626238353263333830646264
36326535383937653538653739336264396135623862376337633466666435363465363031313733
39343037633564613063376339646433666335346266656430393364306134636565393363636130
36326330626235663265656565313662366235633766323364373033383431376161313861313162
66393763366264613066373762393033333238343637373535366633626531613835356437633738
65306231653463386537616237383263353963646638323833343335343132326233326333326134
36383036646339306239663937623166386166646431346236636338376466656632643331626364
36643862383334313334386664616365623965623032626466373534353665383634396236326131
65316466303631343138643235366536663363346630623536373339656132333063626137353138
34393532653062376363643332323063323435396563353561633239313266653431356466313637
34333533396263306230313330616464613064383863636331373361336239663939343930383931
62316436663437383533313237323533386161643161613236353263373634383032666562643131
62386538343564656364643433333265383032613638666431626565383334343438613663643466
62376436623964643366616536323230323135336361333365623265303465636466643134326335
62346461663036366630393961336335653531356431323665623234366133333265323433383664
34346632616165386438636636653036313931376164653263393337663034363363323339353764
65373366396561333932386130343563613566333034363232376134363234346331343562656335
37653839326333623566386431643539333362393933616239383866386438303232326536656634
32643234666363653530333738616335356264356264616334393232313335356532633130313237
30633234363538643063626638633833616663306136323135336430316637323230633762323736
35396132633036633438616131393334636639323336323134666133393135623763373233626161
37306639326634346139633231623963666561376434323632393663643833326632313634336163
39666564363833643636373664343966623333663035646637393735633838303934333362643061
61393265346365633763396232313339393337323861363266363237646331386633363566613539
63333861386462653333653766386564636164313866373630396334343262636639333832343663
33663834366534393065383765313535366335613632613636323730393833356530623335363662
36623430353662643363613638343165623964376233393438343631663035343439393537373037
37393362333831653136643735366661383238626565393131363334633534376239396332326262
61633961356466336239316338613964366235396637356464373736313064323330373535326265
65323239383132316537313838633765336566646131363733636639383265373865313030393731
34386461393634326636633838326436653865666266353639623435306136653130373735633538
35396235393233356437363834333166336337633635616336666639383932636333613264366132
31373464313863366132316561396532626537313734656537623638623563346261303366656236
66313162333731356135356564353566303461323732376362616564363438633935633235623331
61336565333630623663316362376131363063326435386136636565336336613730353938633537
31626439663436643439653230383635383361346134633439666665313630316130666339386262
65386235633866663462646439356161383439386337353562663334643765376331653564393861
63363266346333363936323133666530643338343831646437366339363133396665386135666333
31333835333530353833376630663164336333353661393563363935323035636262323635373831
62646336643462616136656365313262336338373930666662633363313332326666313763633136
35393964343030653138396132633961643638616265303136323062656666366362393230383161
66396333393563333436336431363864333563663538626565343936666432333730636666343238
66393466643363663934326366363566313431643262623963353336306465633362353532303437
35363734386265396433326233333431356366643935633466306663613266656435356538363862
35373934363166366264353330666562653739623861613131643232663237363261613730356234
66393565343339666336343739323236393066663431356535376136383963383163303436666430
37633835353163633036393130633239613039653333626531666235396638383738643930613564
63366263363061363462323237356564363563333432336238653237376263623566323434356533
31343235343232376135376362373363633339303938633964386337383435666438383133656464
34663339623262613430663766336264336665323165306562356633373030383735393735333034
33356461396333633732373737393033346638613439623266336666316230643330626237383536
64656262376431333961363061306364326265366539353232643238343236353261373564333538
63333538356333376237626339636164323564393936383834316462346137656264376163303266
39323830393265316238653931323464303863623237353365653862353737343664373466333963
37336336383465326632326239396439316630646134323765393536643636373937363631393563
35326464636438313531663435303332353961303061323938623937393333386464373562626462
37306163303832346137616237353764636661393463653032383362303763353532363364663034
37653430343661383766396530333038613961613135626136363234393432626364626135393034
33303936356430313932623534343832633430626432646563383263623533316664376634373230
64633437363439646361356336303661303861373662626436343933666662626634363537323537
31363332386462306339363634356639333135633161303466613562393365366331343864663334
61303865613533356661363935633537376536643632383237383639623365383162613166383130
63393030633435646137363439626565396663646133316334636465393739643764343836336261
61303333373838616234303964343131373733326131353461356135343336313130613265326330
30393837653733373832326263396234626237643262613732623966623064653566386134613762
36653730363032343832336231656664326534626263323332323761326161363132386561663965
34633036316465396563653865316239666166633039393665666237646562393030386538373736
62353566303462323230626461646538646334333237323565613133383165643165656664666332
31326334363866393539306564356363663439636435643262333539616432623366343134376263
31363063646439646636363037346639336635623563663536333930323133636637303637313934
30306661366439323464396561616538343461363961616236656334643066383535636637373066
36356466353133306634353136396363393264363365633865663631333838646439366261326430
66656635363538383230356238666164666330343737323939356237643463653164646365613434
35303332636334313737666133353438626639343031383061393662343566666166376266663637
31336432313639396135616465626564633331396263363963313131623832376261373333303364
30383831353332303638636238636333666432616432363262653439373533383234353364653632
39613433376131333438376562343166336435626238396534356638626432313966613333346166
31306661636365393637393338316564643562316639386638393661373666396431353332373165
64613139366639316130643661653366373133363131363633653730366436333339663738353834
61616436663536333466636662393531316137643236333866636666626135373164323235326631
37366264643462353136396465386266613937623834666233633464353836663539383561636565
64306365636335613637636661343162383039633962656262336630663338636339653431613665
35653761393839663636313634393263613736336132626137363834666432623462393738363933
39656365383535353864613734313265336636316536616239373565643066383063663161626333
36336262373731323032363366326433386530376664366464313263663766356233636438353435
66323536376538643963333035383133656436306135653166303761363664366665343339666530
33373034373265663137386237623833373330643535656337386563623930633066623632386266
66346136666164323162653462643539353037376266303937663963623166373762336431643165
64393537643461623732626138356630663161656135643539366364333265313738633338666166
39643065623963656332653732306661383662663965326466636536363438326665663331356432
37316339643164333661643937316361653564333665353561313833396233633764643734383733
65663363383330663434653432353530316532636632636231333837353838333734363436306632
65623964363937633661313238653362316230363839653832666666653339346330633130653863
33336231383561326532663164623763633964313964386565356164313665313261643839396132
64303238393566376164663032646533333037326633613461303364313930626361643433643765
30353830393038353161613338363866323237633036666435346439393062623239313262373164
37646538636236393964303333333437313066643562326361333763363065383138623039313835
35376462343639316532616361633136326561653261363933363631643665313566613766666633
35373862346334336136656163613232313832653631633330376636316262613966343631613964
34313366366137383762616361616332633463646163316463353262373833373735383339646433
39363366316131613665356135343563333330656136323661386634346338626464653739323363
66376466336664376639613266333135366432313865373764356135386339666137313362623632
34663937333032616538303030616361303137376135306566346439333736633533343234633665
32623062653538376266613364666336363236346364356633306566333262666131313161656533
31613933323565653261346364353938383033666239393764633061376133373132313461666337
33616564653637353461636133626335373262363838326562613631343531353363373631373333
64313931326538613163306632383536623833363839353838373463626261353964353364643439
65316330623532343136326235316239393834616563356161313663653066383633633538303837
66363866376531313137383232653732663731663766666638363063656264303838396138643965
30366234663564383931663265653539636433323339626261396233326165363037326462393230
65636233653936326336643133623264663162373831613732626466393337626666643232316531
36613533656664343735366635363434323737393662386634333636663063393430636236343938
63313032376535336634313732313435323464333538323264616531303238643733333336383064
61353032656136636439326237633430353662646432386364353964383038376162393538303333
39623465633039306534613362326532336263313439666537363130393836626236326436316635
35616532333936343233363839613339306539356235636334363631343631636232326435613238
31333230613463323664376638623563346139643466386631393464353839393731306135656165
65633864613936653237366335373161653631383330366533613364333361633939323065306330
66636233653637343036383164386135653430326366393438366231343439363531663262313462
33323738623136323532363461376535616434313766616264653663616639343562373263623235
31363566613638393563373633323731303038346363353133393238323633663661333437663363
38646461616630336135633331336262393662343265323736613766363830323738373733376137
35333862366235343866366132313766656632336531323437653463623961373865326161333763
66613465636433636437313965656539353836653862396131303136666263356130316133633165
38366536626335346237366564613466313032383434393938663464383961663535383234303839
36353932303961383234343261643833646635353062313530303830373536316666316535313837
34616635656439396438616330646466613033376363373030323866363062366362663839653066
30646466343735656532396435623938366538633333313861333664373238333836643763323736
30333839326135666137623730346132363230346262613361663730613132626438393530366166
39633034373839306131626233653462356138353632393763626435356231323735346130646361
39363032663435623862333039626237393232346462323330393134316665616166663065336533
39643937346662623864316636633765346237626461666465613932333033326466626532373438
34343736613339623134623134656234373461616333313266353139386162646339356333666436
64373437376536333831373638306435633266626265633433323231643766626662616439313633
35313763626564356231343764663934343237356336313364626430353661343439646234303661
31666139386533653366306438353635323438326663316264316563343962663463393234356633
37323366323135343336393963333162623663393538346639623965373831626266313062656638
64663038633731623635393436363434363438663763613630393830666364356135366438653636
37383733343762306565323832663963386666366234633161353962623764346134643931663737
31623435376436313731643937653864656136356663326637353539323663366166323364343833
36633063336433383734613339333965326634653166333832633334623835643563386239616330
63386530316432303664633435326637623633383730393935383834666438306136363534373237
64303066626262323930636338323266653239646438356131333837316336633166353164643364
61646564396664393735383665373738623138316264333433316162336234336566383865376236
64373561633066333535383230383266646665663637363233323333366633343731666164343164
35396665303132663939636234376637653161343961343238336463346331636631653964653266
36663635323465613433343566346239303136313266386439616538313437616437383266356130
37323736333262663331366239613333346537316437613539393132383234343232646435373935
31613938623434383330326230633333626463346666396534393930636463646165303362373734
61613762373365386133323961643762383666343134666362656432353733653862643634313638
37663231393130643866643738323464313065363939666436333932346266633636623432613165
31353837386433356361326632353137323237313030616133623031626665353365386265323362
65343533356632343838656361353237646565373865613733373536626566386433346562343039
63336266343132306436393465323964396534346333336639626138633631616533333865383532
66386230326137326337663266363636323037356135643562633532323333643265366164666130
35376136303137373564643137346230663563363130613866656636383333303733386565323864
37666631313234393435383235616539626132333037376133623965393837343732383466613331
32303439653863383932386138396664366134313539363233653139386136623639623761393230
61326361616639376436343339393838386363616339396333646263623337363562366265643566
34656363383862353933633934313933613561626163336630336138626466653734363034353265
33383637653366383434336437363730333466636564303963643837636565666365383765376263
36626161656661616339663139643662303263613335613837656463653931653762346531666366
36366566343437353536653365346339396232383562623239393539356564616331653237303663
38383730626133316633313039313431653738396131613138653063366636336535383237336233
35613736646530333633313137623666363963646531323637393663633539316466643736353930
6136363366633131386136663831323564306330333630343831
