$ANSIBLE_VAULT;1.1;AES256
65333065393230613635376133333561323261613865366134353531366131343430303061373739
6430386464663931396364313136396233636562666365660a623634396564323437333461303030
33336232316636323563303937633334613239636662383762333733376639326434303138396166
6561373733306430350a353561346566343061303933623835336637646534663539663131656533
61343734353538306464646438643533613966666332653966663265363230313761613763346133
35393438356439373139313935383763663130653432373935393264376434643637386235363830
62643837663563363735333664393234376666636565363131346234336631323830613933643365
34623734643163393863373666316336306263363733323638313661666231356234666165633364
63623635626136666664333363363734306632343136306338383766666138366533373561626133
35643130353737643830356631303038383836396165626539356664393735626235346666383162
64333762633031353765366139626639356231383163383732363231356632363361366364306135
63633938383164623432656265323762656130326562333234373562323962656531663564353435
66363963336536626562333366333066633237616164653837383933343763313761623863623836
65643735663466366133383834326638326335366261333163656462356633366432376565663933
62313663353766306539303435643730336264636231303136303466303739366136346634316361
35353431316261303866646262636638653037336633653064363061393937363138376332383837
36346537373838643331386465383862666364303563303539333530376466303439643563383437
31663238383835333262643537633663613330386536623039396466613334323138343664616564
37366162636531333730363532336436653665393662633434653436336330663466363037353061
65646130656264653833643565336565626135613439303661623064633462313939373733613263
66383563643031313466363862313930303531343531313364363631313764666532656463313331
37363433363231303537376533333861663435333962323034333933333261323838393031316134
66633638643662636461643265396630396666616466316336616537313766636434326239666138
32326166376365313434363730643663313966666134303832356631303062623861323834373539
33376539653638616264366632346231656337353562613433316366373862346239626362646361
31626638393234366365343838636333373930656439386335323364373664356363326338383135
63323739383165363464653837646564656634393464623131646161656437303430336564666664
66353937653131626237363337393866323930613333376339303864616266376135343436663266
35333964343862383762303562643837663133663537623338663234626235663561343134303165
38643430623161376165333931653830353234353735366465666335623034306339326338343237
62363433343834633266343936316634363038396631613836323739396333343231326666613463
37653131386637613435633266323763623135623066303731326163343730616539336433643565
63633936303937366565346630366437323863353566333363373161383337653135373861363232
39333662653631373365636637366263356365363966666537326662643262313966376538316331
39643161396231346631336438303966353331316661323432383466313537616138353765306233
39666664623232323461353439316163363332323864393361363536353061363834636434383235
61383232373838613137643363663134346365393064353133393636343562663838653733366362
64376537343564313964333939356235666265663964636365666634643463636661636566316163
61356138343661653235343664353439633934623338633836343635306636356161393863643830
61646362396538323163333566373461653831326439653563336630353536353934646630303939
32343235396464396662396265313865653139313433356164323438633230656363633735343861
36353662343738656339313265366262366465373037393033363063353739383864316339393765
39613463363565356534306561343332346663306663643266323732613761653763353366643963
30646437363962353463346465623731363363653336313034306331303530366263316665396131
36623938633865353630303736643463316162633564323135373735313031626333613065333132
64363834346531336137646139316237386439626336623837376635386361613934383937613566
31383032366338373533363533626266343237343135353035396535353534356332616263313464
36313837386364326138343634653264333837313965303138353465663031383434356234386435
33313035626362393066326235373938306161393931313366623735663061396533656265636532
66656539653137383938356666336266623134363339643664326638616361626231396361626436
62373363646365393866336338383235663463323834383637333964383539366566366239353135
39343565666236363165633435373537393331643431313739633961363536656339366465366532
64306335323633653665633566643661376436396137616533396630633761333637366663386636
38626464343033653563646632393339643135323261636465396639356566303039636238643635
35626530613833393763376265306134356639383166303130366139623663633262666235643433
39373738343433373861373865313762653934623530346264616362316161393664303063636237
34643564306662653663663630633031353935396265383431333533666539376137336662616231
32373532626638623136626130363130373733656665616431643937303731336136323139366462
34636632376239613832613363353162383964366138663462316464343064326165363161396332
62386165303930656132666433313134323662316536383732363030383333643130643532363765
64343036303930363139663963343434613435333161663635653430373039393830386634346462
39663665613731313133643033326130383866363133663836313264306634313961353164613338
63316439306531313232333331376265633562323530313837336130666565333133376263643932
36376136383732666463663930313865353662643036343661623136346638646338323434646232
30366165303765366261343138616136613561393965323635633437313731356437373865353235
39633662313763333765633063613839633534616138313063326266313266366335623837326464
32303938376164316261626539363731353638646166396161666663363534656631616364333563
37303636333735643330636431333764643466396436323734323863353531656336363331663264
33313435313036363066323366623331343764346439643236646134326162643365643333386330
61623565353238343632623334393830336235326336396230613234613561303562383064646138
61636637383765316132393831323161353365363762343932363166316166313033653931623832
61336233656535346237326637353733373662616562633961343736373262303865343737623038
63363035613038376131623330663464373463633132633338306236313636316339323739666563
65323763663434333439313535356137336634346161633031363833646634373637313733333535
61656132653234613764653066333062386237616463396564373532343461616266333866656165
61626561326636376138366530366665616466333436336539336231396432326162393030353336
39383237353834333562653662663130653961393239366431373736363631653934663064343431
37643233393939313438313065326166663138633531323131613435623562666235376332363835
66633039633731346138663566363661613961303338653563376332656166613235393038663738
34636138373238373734323039386665653834653961656261353738623233316164663763376238
39373937316135643933313362396663643365653331616239613766633530346536356165343134
33646438326535376264356535346435386132366231316462363738303033636665613438383064
37356561393563303839633433306135393436646436323539383436363836386434666135303633
63666132663531656631666632363364306363646333346635616435616635383235346236633462
33393031653661303465346261323163363863353735333436363839616364316263633161333632
33646664393333363334653932333635323365313764613239646439626339633538643931663734
35613438363866336230613537653535376665626165346331623230383062643162323332646664
32653536303763393035666133376530373237613232303665396661306135396539333636316332
39633161323737303232366336623865383030643436353034373962656366363263323464636232
35343961336164323566303839393562303165343932656564313964376433623736373236303439
38366136643836396161383539313062346633303532326634393166326437333161383238333661
63623638313962633935303039626161343637323936396137343062353132623361646165366434
3138
