$ANSIBLE_VAULT;1.1;AES256
34393231316662613532646437616363343830343663346561643439336537356335326630366263
3765373033393163323035333437626563633934326130610a646635346538313430393338303433
65646431376138383265613437643561323430626437623364303133643831313665363734653063
3165396164376564390a313531303932663834323338653032393363303332363036376637613866
61656466653963666464653064633762303762306632376463343863663836303837343263646563
30333565326563653836346666616137363135663438643464373432313132373066373238326132
34376466323433376133373934373365666539623532623736333231633831613666363532373234
61643361373934623264396461623337356665653362316665333433626233633930306630633664
66383430636137366132613166636638346339393535643231653964616364353237313961386133
63313166633562313334356138366163633533626537353634656464633662313035663566643366
34366336653866386164623932353638333164303864363430303165373030383934636664666432
63373737303364353865386162666438326664653535303636326664316561326466313763313933
31303836383337313438373364663766646165363764323736393364376538613630383865373131
30626465363239323434616633613835616632346237356530653865356339336564653531303863
35373936393337633331623564326439666337353362303736396231366366343963633836316130
66663565356563643937623438656338346463353935396332366164373035653166353931656362
61373938663738366566306666663338383336666336633233313035613438346430353563303365
37366234623334396538626531656361306134356261353837623438313438356665626431306338
32643037333432386434666539363233623362653834306234656435343966323438343362326336
66656431356565646365373766323865653833663239653761386433393163613039656664633439
63373730343933333639346164356635626364393531626337633537623338336138386236326437
34653061646562353661613030393063663734383530633538303230626638653034366339376537
65363737353436313565386236626366396565383263376666646130366532313538663766313162
64373466373637643938323039616132323064353835303937346136653631376633633262326137
61323539373331353365643038373733306334306334366631613739343662356436336263663937
36323736316432666337376333393831336335386132313565663236623365656434616439646366
39376532306261643466363931656538633363636331393466383936343936666538613636623636
38393733383539323335356266626464346338373632616639333462613830646630643562326561
61343730313830666333633036306332303733343666306232396261656432373733393366353834
34356336646330346131666231646439363133336265373930643465346164363261333764653265
30663735616561383031356539346433623562666636356566333537336461623833353235343930
36343561383336336630636432353861363966333865353964613866313230393964383265623461
34653365343234633030353937326364323135313330373161306235626232366235313338393762
32616338646334373537663061333734653939363534626163303764613131346461323739343034
62386539643836393331646630323866643034626366373862313565333733363163646338353736
35383439343664323064383532383063393639313439656230383363653031343465636661383766
33653836346332303430643863636236326363613034396630613964643735616330623431326333
30343239396434666132303863666234303961323965333161333332303235666265396538313236
64663437633363623163396333636361666261326662396161383362383362643530303565643733
34333262326336393839643233666266373430656638383435366662313035313561646435616530
65383562616163633961383632623363303435363166666461303936643231353834626661386166
39633432643337323436393265356639623332316531353630343734333739653535393037316336
62313236383063366339363965393332633932336563333430346339346466656631333631346131
61393634633732653233356634313839376263633164333239643061376436333831643730313133
35373061383537623731636234386364346466653763633837343833643937313733383835363736
35383638353534306637353132616533383861643339386237646464663366316662343532333334
30343634303963623839396538366462306639333236343431613231663538336436336334373037
64393165373965666663663639363437356231333930333432653539303935353664383937316265
34343934643634613565396232626532313962306339373936613139333163356262393036396339
32663163373238623363333032303564383766323262653339656231643862393137356266386465
37363662663334383630386337666461303533353239666366643530326461303863633566613962
62393034613534656265306334356639373930303532346666386333643764653334366333623038
35393037626136656437373931626162393930356566626534623966373337646236316430363930
63663033626438363835313934383035623730363738373630643966616362323637623064366639
35666230396165306130666539376138646635663062336130373931343237363938613630363438
30653234333365656434313334303530396263316439613636366163353132626364643230323739
66666432383136323339303036343762323065323063343665616335626464396462653734313830
66346238333731626364343732666162336662653032366265376361363133386465363334336361
32626636303631393331663933303661616262613865316164393262316261663432666537373337
62616535656433353930636336353565373737626239393266616632613165373932663831356236
33653933663236373062653333326331613566353330313163636561323539343162333631393362
31626138633264613230373135616231333734316135306463376536653036313164626663326164
37373663383932353233363937303462643132636364363838343535653163373637373065323337
65626666326636663736313464306139623763376439393637303933313263313739323937383461
61386335633866393631323537303834323464646130353730336165633466666639656431333661
37373236643930623731393430363063316239313065303037633463623830656137656335343530
66333361626362393162336166366466663565633662393161366436393764616237633936353531
33396166303231323863663661363062626336653839353935623561626437373939353463353366
32376461636138323636306430393233643865376334616233333433336461623636343033623766
61343834376533373839316264383834373966383361323136623337343738643933663466613334
65343938626462626365623831643933623633306437636230656266323139346535633535653332
66643235333937646339653166666663326338383565636631626433333665316434663861383063
38656538336338373063336566323861313530346430626565656663343839343964623264653262
33313936326263643462346639333030313639356439633663663139653565323462653161333661
36613835373164613034386538663463393464643464366464343039306336373335633962653730
31396265643735336638616466636237386533363465323866336265336336373730303537323736
39666566663861633362333362373139313264366530386537383639383639666338303162666331
30663034393333616132616232306464353039306366646339666132633534353434313330306234
30306233656566386139396664646165333163316132336664313862663266343439306235393164
30626662343961643461336561633561376365623839656234356163303365313538613936306663
62343436323064656261393464396263353932366639636437333939393861643163653431386638
64616262643936306632333665383961393562666139623032336262646136356132623636343765
37383133356639373964643166646365363731353931393830366462346335353261643732656666
32376339363435383632316334643839346261333730303335383733343735363636363031373161
39363336616635343930373536663430396163633836626664373563613164316537393165383763
64663939333238373565353166326161393862366262653463386530636233383739333936646430
63343034643236396264353538383166613864646435343639633432353434366632643965636361
64663765643962626632626661326134316234306133353662326533313665623136303065346432
62323235656231373536633533613037393466656131633936643463326635303130383366656133
37333964636438363466393865663864353236356631646261343735313530376137633339346232
66616465313762636332383839313530383466623266353933303736636263383431656231373566
31303730663366323066646232386632633035353034366132363238636638303639333166306661
3434
